-0.07797,-0.099124,-0.08767,-0.090165,-0.084359,-0.083445,-0.083614,-0.084376,-0.10318,-0.075649
0.038621,0.051635,0.044453,0.048392,0.043295,0.042991,0.044778,0.040613,0.055123,0.037555
-0.057579,-0.071962,-0.062962,-0.072236,-0.062334,-0.063788,-0.064716,-0.058694,-0.072912,-0.058215
0.020151,0.022334,0.02009,0.024734,0.02051,0.022855,0.022071,0.01884,0.022603,0.021932
0.14723,0.18395,0.16108,0.17737,0.15821,0.15936,0.16225,0.16462,0.18869,0.14233
0.023893,0.031018,0.029498,0.030318,0.026848,0.024592,0.024085,0.020383,0.032605,0.022408
-0.027337,-0.029391,-0.028129,-0.035016,-0.027888,-0.029505,-0.029678,-0.030053,-0.033589,-0.025899
0.0028169,0.0028172,0.0025414,0.001806,0.002676,-9.1981e-05,-0.00035482,-0.0022496,0.0029831,0.0026995
-0.02043,-0.029266,-0.026675,-0.028066,-0.022447,-0.01314,-0.019661,-0.0094371,-0.025442,-0.017597
-0.036082,-0.041586,-0.038748,-0.037203,-0.037304,-0.037033,-0.037759,-0.039376,-0.046654,-0.032695
0.0063313,0.0093623,0.0067109,0.0079424,0.0060788,0.010685,0.0082522,0.018825,0.011585,0.0061592
0.011226,0.015103,0.016922,0.01613,0.01318,0.011652,0.011338,0.010355,0.016828,0.01133
0.0037999,0.0047946,0.0033915,0.0049386,0.0041281,0.0036822,0.0039575,0.004043,0.0055795,0.0045605
-0.0094287,-0.016735,-0.011582,-0.014468,-0.014418,-0.013311,-0.010105,-0.0083987,-0.012562,-0.011554
-0.023269,-0.025435,-0.023293,-0.026022,-0.024231,-0.022066,-0.021429,-0.021765,-0.027609,-0.021638
0.0077407,0.0085988,0.0085749,0.010288,0.007879,0.0077229,0.0093252,0.0012665,0.0066423,0.011447
-0.01436,-0.017806,-0.013872,-0.014421,-0.015481,-0.011889,-0.016103,-0.010358,-0.016912,-0.011482
2.6635e-05,0.0029678,-0.0014645,0.0072124,0.0011173,0.0059994,0.0045166,0.0081129,0.004929,0.0043829
0.0018244,-0.0024587,-0.0007039,-0.00032358,-0.0025365,-0.0032956,-0.0028798,0.001472,0.001696,-0.0023139
0.00020956,0.00037531,0.00060662,0.0031089,0.00065903,0.0027338,0.0012273,0.0064902,0.00043274,0.0028379
-0.027337,-0.029391,-0.028129,-0.035016,-0.027888,-0.029505,-0.029678,-0.030053,-0.033589,-0.025899
-0.022543,-0.025033,-0.025985,-0.023254,-0.022729,-0.025128,-0.024738,-0.017729,-0.026762,-0.021186
-0.014294,-0.014429,-0.014341,-0.010959,-0.012827,-0.013409,-0.013398,-0.012948,-0.01411,-0.010219
-0.0020395,-0.0030985,-0.0023043,-0.00057301,-0.0028575,0.0017737,-0.00057169,0.0020655,-0.00024941,-0.0010636
0.03206,0.038108,0.034753,0.037806,0.03331,0.035046,0.033974,0.037909,0.042285,0.031773
-0.026582,-0.027167,-0.030354,-0.027214,-0.021499,-0.026764,-0.024555,-0.030361,-0.032479,-0.02326
0.011445,0.014002,0.012453,0.010826,0.011669,0.012592,0.010159,0.010195,0.014061,0.0083914
-0.027337,-0.029391,-0.028129,-0.035016,-0.027888,-0.029505,-0.029678,-0.030053,-0.033589,-0.025899
0.0040155,0.0052269,0.0052742,0.0061592,0.0059598,0.0066587,0.001564,0.0037344,0.009213,0.0050604
-0.033765,-0.039598,-0.039836,-0.041151,-0.037724,-0.036488,-0.037267,-0.035234,-0.042398,-0.034014
-0.032161,-0.033854,-0.032216,-0.033688,-0.032002,-0.031377,-0.033036,-0.037215,-0.036121,-0.030691
0.0082387,0.01013,0.008553,0.011442,0.010026,0.01067,0.0086044,0.012073,0.010469,0.0087961
-0.045586,-0.056325,-0.052136,-0.054393,-0.049259,-0.047563,-0.050765,-0.047092,-0.063363,-0.042697
-0.015084,-0.0177,-0.017366,-0.017537,-0.015831,-0.017051,-0.013625,-0.013966,-0.019155,-0.015173
-0.027337,-0.029391,-0.028129,-0.035016,-0.027888,-0.029505,-0.029678,-0.030053,-0.033589,-0.025899
-0.0023874,-0.0011161,-0.0024612,-0.0041677,-0.0034783,-0.0044222,-0.0048551,-0.0033406,-0.003821,-0.0024089
-0.034833,-0.041774,-0.035197,-0.040173,-0.032961,-0.034184,-0.033156,-0.033369,-0.044217,-0.030365
0.014439,0.01644,0.011695,0.016362,0.015319,0.015753,0.014627,0.0069392,0.016202,0.012802
0.0025162,0.0048321,0.0038027,0.0017354,0.0018293,0.001979,0.0020797,0.0084524,0.0041973,-0.00041127
0.0088085,0.011184,0.013412,0.012649,0.0096708,0.0089487,0.0091536,0.0088602,0.013351,0.0091883
0.0038651,0.0048767,0.0034755,0.0050199,0.0042073,0.0037483,0.0040398,0.0041281,0.0056898,0.0046358
-0.0095222,-0.016857,-0.011701,-0.014587,-0.014534,-0.013409,-0.010221,-0.0085161,-0.012716,-0.011662
-0.0050525,-0.0071624,-0.0081237,-0.0094961,-0.0064819,-0.0085379,-0.0082296,-0.0094578,-0.0092966,-0.0078219
0.031289,0.032377,0.031612,0.036529,0.033481,0.031595,0.032574,0.027282,0.038717,0.032251
-0.018652,-0.01456,-0.014868,-0.017026,-0.018547,-0.01566,-0.015731,-0.015057,-0.020451,-0.016632
0.0058283,0.003582,0.0035447,0.0044044,0.0053528,0.0039277,0.0055472,0.0068447,0.0054402,0.0058336
-0.0043272,-0.01064,-0.0080706,-0.0095279,-0.010435,-0.0099461,-0.010397,-0.0057507,-0.0079023,-0.0090054
0.00034207,0.00054182,0.00077428,0.0032701,0.00081841,0.002864,0.0013919,0.0066524,0.00065527,0.0029872
-0.027337,-0.029391,-0.028129,-0.035016,-0.027888,-0.029505,-0.029678,-0.030053,-0.033589,-0.025899
-0.031453,-0.033599,-0.03296,-0.035314,-0.032819,-0.036294,-0.03482,-0.030538,-0.036693,-0.032841
-0.014039,-0.014697,-0.011051,-0.011902,-0.012028,-0.014645,-0.013109,-0.015919,-0.011633,-0.011863
0.02196,0.023716,0.024579,0.024458,0.02201,0.0232,0.021796,0.021241,0.029958,0.021981
0.0057717,0.0072289,0.0037773,0.0041334,0.0055243,0.006314,0.0046953,0.0082903,0.0034743,0.0043766
-0.019843,-0.019239,-0.023176,-0.019115,-0.014061,-0.020018,-0.017487,-0.022991,-0.023797,-0.016868
0.011639,0.014263,0.012715,0.011173,0.011945,0.01281,0.010462,0.010537,0.01443,0.0086989
-0.027337,-0.029391,-0.028129,-0.035016,-0.027888,-0.029505,-0.029678,-0.030053,-0.033589,-0.025899
-0.010788,-0.015546,-0.010933,-0.0089558,-0.012616,-0.014865,-0.012096,-0.0084577,-0.013123,-0.0087552
-0.0038442,-0.00028196,-0.0024804,-0.0037153,0.00027576,-0.0044049,-0.0072578,-0.0027198,-0.0030853,-0.0079678
-0.0034454,-0.0013896,-0.00049147,-0.0046261,-0.004784,-0.0042156,-0.002551,-0.010497,-0.00035483,-0.0014204
0.02632,0.031799,0.027737,0.031253,0.028245,0.032276,0.029487,0.029738,0.031663,0.026846
-0.038274,-0.048366,-0.044576,-0.046227,-0.041992,-0.039794,-0.042544,-0.03853,-0.05444,-0.036251
-0.015375,-0.018052,-0.017723,-0.017928,-0.016193,-0.017305,-0.014063,-0.014381,-0.019637,-0.015437
-0.027337,-0.029391,-0.028129,-0.035016,-0.027888,-0.029505,-0.029678,-0.030053,-0.033589,-0.025899
4.0233e-17,5.3179e-17,5.3303e-17,6.1625e-17,5.2635e-17,5.2324e-17,3.5221e-17,5.8157e-17,6.379e-17,4.0323e-17
-7.3421e-17,-1.0403e-16,-8.3e-17,-7.4601e-17,-7.1366e-17,-5.5523e-17,-9.0009e-17,-5.8573e-17,-9.9844e-17,-6.1539e-17
0.009834,0.0092163,0.0079487,0.0095443,0.0093354,0.0081822,0.0094674,0.0040943,0.0079319,0.0107
-0.017055,-0.020305,-0.021897,-0.021392,-0.018573,-0.022567,-0.021823,-0.028498,-0.026369,-0.016471
0.02883,0.038675,0.037256,0.041508,0.035374,0.03969,0.036651,0.042476,0.047075,0.03036
0.0036505,0.0040903,0.0040443,0.0060033,0.0030482,-0.0010037,0.00027358,-0.0067539,0.001813,-0.00067701
-0.0091482,-0.0092816,-0.0072708,-0.01158,-0.0097966,-0.0082451,-0.0092695,-0.0025418,-0.0081734,-0.0099554
-7.9265e-17,-1.0013e-16,-9.7987e-17,-1.0017e-16,-8.8385e-17,-8.8695e-17,-9.3729e-17,-8.1982e-17,-1.0948e-16,-8.2227e-17
-3.6502e-17,-5.226e-17,-4.09e-17,-5.1206e-17,-3.8656e-17,-5.7178e-17,-4.4976e-17,-5.647e-17,-4.7962e-17,-4.6837e-17
-0.012363,-0.01244,-0.013311,-0.011348,-0.012717,-0.0086538,-0.010574,-0.00081158,-0.01141,-0.010393
-0.04627,-0.055101,-0.046431,-0.060395,-0.048391,-0.048706,-0.043547,-0.044946,-0.062349,-0.044268
0.044251,0.052734,0.043729,0.051985,0.050065,0.049969,0.043894,0.051973,0.064217,0.044363
-0.020302,-0.023901,-0.020098,-0.017958,-0.021197,-0.013413,-0.018893,-0.012435,-0.026843,-0.015189
-0.013666,-0.018651,-0.015454,-0.015565,-0.016822,-0.016553,-0.016268,-0.019465,-0.019648,-0.013802
2.4322e-17,2.9241e-17,3.1046e-17,3.8906e-17,3.7092e-17,4.0013e-17,3.9421e-17,4.9989e-17,3.0663e-17,3.6598e-17
-6.7315e-17,-8.4598e-17,-8.0858e-17,-9.1099e-17,-8.606e-17,-8.1866e-17,-7.7229e-17,-8.2715e-17,-1.0738e-16,-7.6328e-17
0.0013754,0.0053268,0.0003755,0.010201,0.0038421,0.0080421,0.0065076,0.010532,0.008462,0.0049767
-0.019409,-0.024493,-0.016955,-0.019799,-0.019845,-0.016813,-0.019348,-0.02013,-0.024785,-0.019093
0.0032168,0.0050629,0.0050268,0.0039542,0.0027141,0.0032517,0.0032749,-0.0019814,0.0023586,0.0060077
0.012108,0.014011,0.018811,0.013093,0.0099911,0.013065,0.012584,0.012765,0.013796,0.014358
-0.019358,-0.024937,-0.021599,-0.021116,-0.021425,-0.017834,-0.021709,-0.015356,-0.024618,-0.016147
-3.0906e-17,-4.1641e-17,-1.8733e-17,-3.194e-17,-1.9807e-17,-3.6946e-17,-3.1903e-17,-4.6147e-17,-2.7295e-17,-2.6773e-17
7.9332e-17,9.806e-17,9.1673e-17,9.709e-17,9.511e-17,8.6994e-17,8.6926e-17,9.6132e-17,9.9834e-17,6.8882e-17
0.03055,0.037067,0.03362,0.037215,0.032335,0.035143,0.032105,0.036992,0.040992,0.031627
-0.0066216,-0.0055492,-0.013748,-0.010694,-0.0069206,-0.012602,-0.0075246,-0.0045958,-0.0058194,-0.0079489
-0.017786,-0.025216,-0.021338,-0.018226,-0.019823,-0.01599,-0.018873,-0.010112,-0.022806,-0.016687
-0.003232,0.00089441,-0.0042768,0.00047717,0.00024858,-0.0036259,-0.0017277,-0.0044908,0.00023611,-0.0032956
-0.016151,-0.019797,-0.017632,-0.01675,-0.01809,-0.014972,-0.014543,-0.015093,-0.021082,-0.015268
-5.5208e-17,-7.2575e-17,-6.8166e-17,-6.1715e-17,-6.7513e-17,-4.8641e-17,-4.6533e-17,-5.1219e-17,-8.6783e-17,-4.0638e-17
5.3107e-18,5.0377e-19,-3.672e-18,1.6881e-17,8.9721e-18,2.285e-17,1.2801e-17,4.9257e-17,1.2188e-17,2.4757e-17
-0.00048844,-0.0010008,-0.0019776,-0.00064301,0.00045648,-0.00038234,-0.0017434,-0.00033426,-0.00082696,-0.0001502
-0.0083207,-0.014667,-0.012191,-0.0086913,-0.010715,-0.0047683,-0.012243,-0.0064468,-0.013267,-0.0090439
-0.0062119,-0.0042719,-0.0051526,-0.0064593,-0.0065847,-0.004781,-0.0051567,-0.0099317,-0.0032742,-0.0040374
-0.020169,-0.018172,-0.020576,-0.019143,-0.018377,-0.020103,-0.01961,-0.01733,-0.020999,-0.019918
-0.02608,-0.029234,-0.028533,-0.026622,-0.027548,-0.023848,-0.027847,-0.024754,-0.02911,-0.024926
-3.8524e-17,-5.7807e-17,-5.4418e-17,-4.6013e-17,-4.7155e-17,-5.028e-17,-4.0284e-17,-3.7446e-17,-5.8852e-17,-4.038e-17
-2.1027e-17,-2.2617e-17,-2.9443e-17,-3.2215e-17,-2.269e-17,-2.5376e-17,-2.5409e-17,-3.7592e-17,-2.9205e-17,-2.4587e-17
-0.012531,-0.013661,-0.012715,-0.012301,-0.012838,-0.014716,-0.013475,-0.0077895,-0.013143,-0.015369
-0.034242,-0.038369,-0.031391,-0.042128,-0.033547,-0.035958,-0.030739,-0.034202,-0.044522,-0.031014
0.041283,0.049108,0.039407,0.047414,0.046585,0.041563,0.039866,0.044069,0.057142,0.039891
-0.01945,-0.021616,-0.019798,-0.019186,-0.02144,-0.01509,-0.020618,-0.014854,-0.026999,-0.015224
0.026647,0.0273,0.02399,0.02656,0.024726,0.027063,0.025853,0.018742,0.030545,0.024889
-7.6914e-17,-9.8446e-17,-9.4005e-17,-8.4008e-17,-7.427e-17,-6.3836e-17,-6.6509e-17,-7.1722e-17,-1.0869e-16,-5.5991e-17
8.0349e-17,9.9499e-17,9.5491e-17,1.0276e-16,8.9182e-17,9.0227e-17,9.3335e-17,9.2119e-17,1.1361e-16,8.0693e-17
0.008137,0.0067661,0.0072275,0.0072052,0.008288,0.0055367,0.0076693,0.0072032,0.01137,0.005951
-0.001366,-0.0036095,0.0023019,0.0012786,-0.0011294,0.00034558,-0.0010676,-0.0050822,-8.3411e-05,-0.0014452
0.041406,0.046113,0.043295,0.042682,0.042869,0.038925,0.040169,0.036576,0.051265,0.038038
0.016393,0.018533,0.021337,0.01761,0.015008,0.016732,0.015321,0.016086,0.019049,0.017504
-0.025553,-0.024415,-0.026245,-0.025002,-0.025617,-0.022547,-0.023879,-0.020426,-0.032117,-0.022471
5.5291e-17,7.2607e-17,5.6851e-17,5.6023e-17,5.5759e-17,5.4591e-17,6.2989e-17,4.772e-17,6.7187e-17,4.4481e-17
-1.4395e-17,-2.1817e-17,-2.438e-17,-2.4584e-17,-1.6157e-17,-1.623e-17,-2.2149e-17,-2.0039e-17,-1.5097e-17,-1.4496e-17
0.0015418,0.0020955,0.00057418,-0.0015011,0.0016068,0.002111,-0.0024987,0.0023429,-0.0023711,0.0005386
-0.015962,-0.017713,-0.021742,-0.023943,-0.016292,-0.023286,-0.01841,-0.018606,-0.016872,-0.018299
-0.021868,-0.028302,-0.023322,-0.024924,-0.024595,-0.021778,-0.023768,-0.021627,-0.026683,-0.024251
-0.0059957,-0.0024915,-0.007464,-2.8361e-05,-0.0026839,-0.0063802,-0.0023737,-0.0023092,-0.0037612,-0.0040996
0.018517,0.021657,0.022559,0.023657,0.019355,0.020018,0.021984,0.017538,0.026028,0.019715
3.5769e-18,-1.3998e-18,3.0981e-18,3.1173e-18,-1.786e-18,-1.339e-18,-2.4807e-18,-7.6349e-18,2.6427e-18,-4.8563e-18
-5.898e-17,-6.4699e-17,-6.627e-17,-6.3253e-17,-6.328e-17,-6.5777e-17,-6.6013e-17,-6.838e-17,-8.5454e-17,-5.5125e-17
0.0093526,0.0095473,0.0081332,0.0042935,0.010152,0.0095863,0.0076988,0.005422,0.0089601,0.0079549
-0.0049165,-0.0083227,-0.0079493,-0.0035857,-0.0055001,-0.0028904,-0.0090389,-0.002728,-0.0080488,-0.006847
-0.010867,-0.01467,-0.011401,-0.0084273,-0.01606,-0.015154,-0.0081876,-0.0097517,-0.013737,-0.0095755
-0.019971,-0.016696,-0.017807,-0.019455,-0.01722,-0.019206,-0.018176,-0.017573,-0.02025,-0.017567
-0.013878,-0.015271,-0.017102,-0.014309,-0.015931,-0.012733,-0.014342,-0.01307,-0.018882,-0.012933
0.11409,0.14035,0.12735,0.13105,0.12335,0.11927,0.12308,0.11995,0.14921,0.10781
0.0055503,0.011722,0.0091488,0.01128,0.0098312,0.0053502,0.0062584,0.0018597,0.014977,0.0028064
0.013647,0.0089331,0.01075,0.012565,0.011091,0.018055,0.010771,0.022625,0.011799,0.016156
-0.062133,-0.07831,-0.065259,-0.075458,-0.067982,-0.069655,-0.068594,-0.079738,-0.085629,-0.063718
0.01478,0.023714,0.021044,0.025278,0.01985,0.018078,0.019028,0.019813,0.030621,0.016499
-0.016189,-0.019988,-0.01968,-0.019755,-0.018379,-0.017476,-0.018345,-0.017753,-0.023419,-0.016366
-0.0032175,-0.0038378,-0.0036759,-0.0041399,-0.0037798,-0.0031347,-0.0034372,-0.003632,-0.0045297,-0.0029832
0.0084951,0.010149,0.0090941,0.01514,0.0092785,0.010374,0.009402,0.012705,0.014237,0.012026
-0.00095558,0.0051498,0.0039426,0.0044112,0.0025428,0.00082901,0.0018603,-0.00052347,0.00715,-0.00090006
0.034773,0.04084,0.038711,0.041009,0.038727,0.036712,0.037754,0.041082,0.049007,0.034258
-0.0025133,-0.0028863,-0.0030072,-0.0030691,-0.0030842,-0.0026724,-0.0028596,-0.0029129,-0.0036578,-0.002442
-0.068205,-0.081065,-0.076765,-0.081445,-0.075268,-0.072944,-0.07404,-0.077083,-0.089516,-0.071787
0.035928,0.042643,0.039957,0.041855,0.039646,0.039206,0.037793,0.038481,0.044279,0.033784
-0.015442,-0.017131,-0.016824,-0.01698,-0.017603,-0.015699,-0.015144,-0.015957,-0.01897,-0.013212
-0.02322,-0.030659,-0.027005,-0.029714,-0.024905,-0.027864,-0.028549,-0.026972,-0.031076,-0.025908
0.035668,0.045445,0.041241,0.0435,0.039634,0.040278,0.043207,0.040162,0.049121,0.037498
0.032797,0.037023,0.03526,0.039587,0.035622,0.037097,0.030953,0.036686,0.037336,0.031508
-0.05412,-0.06765,-0.064481,-0.067848,-0.063286,-0.054402,-0.06042,-0.053878,-0.072765,-0.050095
0.022669,0.032844,0.034155,0.033429,0.033238,0.022025,0.02812,0.024555,0.043706,0.029556
0.047202,0.055237,0.05154,0.055497,0.050573,0.043631,0.04879,0.046347,0.058628,0.045124
-0.018234,-0.022556,-0.020504,-0.02554,-0.021059,-0.018478,-0.020908,-0.017129,-0.023885,-0.019052
-0.02303,-0.026908,-0.025688,-0.023488,-0.023425,-0.020117,-0.022039,-0.025308,-0.027552,-0.020194
-0.0011227,-0.0022202,0.0009288,-0.0035369,-0.00028873,-0.00065154,-0.0016121,-0.0014416,0.0014026,-0.0010501
0.062491,0.078963,0.070184,0.077752,0.066839,0.067712,0.069087,0.074809,0.088066,0.060795
0.098446,0.11479,0.10342,0.11657,0.10244,0.09878,0.10397,0.10339,0.1237,0.096878
-0.010253,-0.01077,-0.010664,-0.016703,-0.012783,-0.016895,-0.01101,-0.010937,-0.013694,-0.014578
0.0096451,0.014694,0.011046,0.0019456,0.010061,-0.00095139,0.0064394,0.0026136,0.015796,-0.0031316
-0.0057852,-0.0046514,-0.0081212,-0.012325,-0.0083552,-0.016172,-0.0080046,-0.013779,-0.010472,-0.01175
0.017881,0.022392,0.026491,0.025849,0.023856,0.024652,0.023188,0.032086,0.035728,0.022103
0.0033346,0.0072334,0.0032384,-0.0030958,0.0022088,-0.0067208,0.00090944,-0.0032641,0.0043508,-0.0060625
-0.0021571,-0.0058293,0.001997,-0.0055615,-0.0022266,0.0013257,-0.0019499,0.00062128,-0.0086349,-0.00050705
-0.0059883,-0.0038957,0.00075128,0.00052259,-0.0025363,0.0052635,-0.00074841,0.0072869,-0.0039123,0.00060682
-0.023278,-0.027734,-0.022842,-0.029619,-0.02408,-0.020973,-0.027197,-0.021242,-0.034302,-0.019849
0.059124,0.066105,0.064701,0.063294,0.060986,0.060612,0.065161,0.063748,0.067281,0.054287
-0.015144,-0.017298,-0.01133,-0.015605,-0.013929,-0.0079664,-0.0139,-0.0054144,-0.020331,-0.0098086
0.058674,0.071233,0.061345,0.069393,0.062954,0.061561,0.062763,0.055931,0.069484,0.055418
-0.014531,-0.01826,-0.015304,-0.015868,-0.016823,-0.015509,-0.015611,-0.012365,-0.012147,-0.014484
-0.061453,-0.073398,-0.064582,-0.074301,-0.067925,-0.065986,-0.064527,-0.064604,-0.076119,-0.058315
-0.015412,-0.018811,-0.016247,-0.014861,-0.017195,-0.015721,-0.016289,-0.0091222,-0.013427,-0.013715
-0.016759,-0.0237,-0.019474,-0.022731,-0.018922,-0.021686,-0.02262,-0.026236,-0.019251,-0.017774
-0.0127,-0.014102,-0.013423,-0.01161,-0.014189,-0.015078,-0.011556,-0.0083895,-0.018649,-0.0074232
-0.022652,-0.025652,-0.024788,-0.024595,-0.02324,-0.022752,-0.02273,-0.015129,-0.027131,-0.02148
0.006191,0.006266,0.0028167,0.01113,0.0081486,0.0073557,0.0059221,0.016681,0.0092826,0.0062568
0.013326,0.016142,0.01475,0.017752,0.015949,0.014299,0.01455,0.021662,0.022079,0.013302
-0.035861,-0.042901,-0.038088,-0.03835,-0.038687,-0.035553,-0.037866,-0.032908,-0.048371,-0.032869
0.024685,0.02931,0.026159,0.027541,0.028226,0.023709,0.026514,0.030524,0.034494,0.023168
-0.021476,-0.022983,-0.021301,-0.02518,-0.021606,-0.022889,-0.021773,-0.016773,-0.0223,-0.021778
-0.0075344,-0.0091076,-0.0070068,-0.0076024,-0.0067025,-0.0086717,-0.0063669,-0.012418,-0.012389,-0.0046022
-0.013233,-0.017399,-0.014733,-0.012889,-0.013696,-0.01258,-0.014996,-0.013468,-0.015849,-0.011242
-0.0083868,-0.013124,-0.0097534,-0.0096994,-0.011311,-0.0059717,-0.0073535,-0.001064,-0.011705,-0.0079247
-0.00037075,-0.00019045,-0.003335,-0.0033048,-0.00023981,-0.001509,0.0034468,-0.0068123,-0.002616,-0.0018178
-0.010246,-0.013625,-0.010755,-0.010063,-0.010843,-0.0093598,-0.010991,-0.0079653,-0.011722,-0.008844
0.0047056,0.0056984,0.0057127,0.0053553,0.0051361,0.0056806,0.0034275,0.0012132,0.0056633,0.0031708
-0.017771,-0.020529,-0.016873,-0.016885,-0.018662,-0.013974,-0.017432,-0.015449,-0.020419,-0.013965
0.01326,0.014454,0.01314,0.014671,0.01333,0.014415,0.013832,0.010888,0.015318,0.013325
-0.0070178,-0.005309,-0.0070875,-0.0074703,-0.0086205,-0.0059881,-0.0050651,-0.0042809,-0.0088378,-0.0079288
0.0043411,0.0053168,0.0059657,0.0065392,0.0046815,0.0065585,0.0051046,0.0044282,0.0070812,0.0050853
-0.013936,-0.013448,-0.012956,-0.016216,-0.013378,-0.015124,-0.013922,-0.010237,-0.01344,-0.014887
-0.0086834,-0.011678,-0.0084618,-0.0087977,-0.0086319,-0.0099975,-0.0081109,-0.01329,-0.012649,-0.0051894
-0.017989,-0.022925,-0.019518,-0.018372,-0.018807,-0.017655,-0.019876,-0.018288,-0.021253,-0.015587
-0.012163,-0.019746,-0.015181,-0.015355,-0.016142,-0.010845,-0.013069,-0.0067965,-0.016259,-0.011352
-0.0013589,-0.0020116,-0.0048415,-0.0045204,-0.001881,-0.002613,0.0024712,-0.0070012,-0.002952,-0.0028881
-0.014575,-0.019039,-0.015197,-0.015069,-0.015634,-0.014094,-0.01588,-0.012998,-0.016353,-0.012622
0.0013309,0.0019714,0.0021256,0.0014166,0.0017342,0.0021827,-0.00022567,-0.0019086,0.0016231,-0.0002994
-0.017637,-0.020495,-0.017014,-0.016336,-0.018391,-0.013623,-0.017321,-0.014313,-0.020102,-0.013729
0.0031248,0.0022671,0.0023794,0.0028874,0.0027718,0.0047701,0.0025253,0.00026947,0.0016019,0.0036911
-0.0080054,-0.0057303,-0.0080341,-0.0079729,-0.0094435,-0.006612,-0.0055418,-0.0040013,-0.0096112,-0.0084876
0.001211,0.0015166,0.0025242,0.0031437,0.0015369,0.0036058,0.0015615,0.0018099,0.0032386,0.0020659
0.0067821,0.010408,0.0084784,0.010674,0.009458,0.0086013,0.01701,0.013737,0.015577,0.011935
-0.010933,-0.012786,-0.014717,-0.012451,-0.013888,-0.01177,-0.010359,-0.011766,-0.017996,-0.012849
-0.015918,-0.01871,-0.015492,-0.020203,-0.017815,-0.018468,-0.014974,-0.0092637,-0.018954,-0.01394
0.0010062,0.0018692,-0.0010136,0.00097312,-0.0018351,-0.00049874,-0.0014545,-0.0056635,-0.0046474,-0.0027849
-0.012218,-0.013908,-0.014678,-0.014889,-0.012721,-0.012988,-0.010245,-0.008313,-0.016252,-0.011549
0.0050536,0.0069275,0.0096927,0.012737,0.0062089,0.0079348,0.0056481,0.0079441,0.0066914,0.006182
0.0049013,0.0061867,0.0048223,0.0083113,0.004365,0.0052966,0.0059126,0.001336,0.0037715,0.0062871
-2.6623e-06,-0.0024995,-0.004453,-0.0011818,-0.0017936,0.0013726,-0.0021924,-0.0049164,-0.0062043,-0.00017534
0.0042097,0.0018563,0.0013854,0.0013853,0.0027174,0.0054953,0.004036,-6.1214e-05,-0.00034573,0.0032537
-0.012283,-0.016778,-0.016638,-0.015659,-0.016428,-0.013859,-0.015711,-0.017183,-0.018916,-0.013185
0.0047098,0.0045449,0.0029374,0.0016417,0.0058689,0.0061514,0.006401,0.0040553,0.005513,0.0054902
0.10327,0.1206,0.10932,0.11169,0.10853,0.098702,0.1027,0.11103,0.12723,0.089914
0.0028981,0.0077044,0.0056622,0.005449,0.0038704,0.0058881,0.010004,0.0035558,0.0026596,0.0071718
-0.0082114,-0.013878,-0.010791,-0.011514,-0.013621,-0.006647,-0.010638,-0.0078687,-0.016819,-0.0072617
0.0015948,-0.00053591,0.00085563,0.00088297,-0.0043479,0.0038838,0.002006,0.0036183,-0.00082123,0.0024427
0.021317,0.034468,0.025734,0.033741,0.030579,0.029502,0.035394,0.03455,0.035973,0.030947
-0.002058,-0.0053277,-0.003313,-0.0037091,-0.0076075,9.9321e-05,-0.0024477,-0.00070341,-0.0069279,-0.0010606
0.03119,0.038399,0.036603,0.037235,0.037946,0.0351,0.033751,0.029333,0.041087,0.032516
0.013459,0.015611,0.016962,0.014376,0.014972,0.014177,0.013435,0.0092536,0.014567,0.012313
0.015072,0.017631,0.014632,0.016632,0.016018,0.014173,0.014031,0.010202,0.017345,0.012341
-0.018638,-0.023462,-0.023713,-0.01728,-0.016378,-0.013656,-0.01376,-0.010765,-0.022835,-0.012024
0.017954,0.020716,0.019227,0.019404,0.019353,0.017721,0.016599,0.012741,0.020547,0.015199
0.0039087,0.0011876,0.0020055,-0.0022424,-0.0016949,-0.0064824,-0.00026446,-0.013436,-0.0031295,-0.0005182
-0.026069,-0.028421,-0.029313,-0.028524,-0.025372,-0.024441,-0.025342,-0.019466,-0.029196,-0.023106
-0.00084811,0.0056216,0.0020271,0.0012286,0.0024426,0.0032737,-0.0011487,0.0010213,-0.0006491,-0.00085801
-0.012057,-0.0095301,-0.010986,-0.010425,-0.010184,-0.0076952,-0.011012,-0.0036316,-0.011765,-0.010139
-0.039349,-0.050543,-0.047359,-0.043542,-0.041117,-0.038088,-0.040937,-0.032682,-0.046623,-0.034581
-0.01043,-0.0071013,-0.0090886,-0.0091744,-0.0080452,-0.0059546,-0.0096712,-0.003988,-0.011116,-0.0088889
0.0048799,0.0040624,0.0070948,0.0065316,0.0049406,0.0035311,0.007208,-0.003186,0.005976,0.0074655
0.0013755,-0.00021635,0.00090651,-0.0007954,-0.00067005,-0.00044341,0.0012344,-0.0063455,-0.0024069,0.00076642
0.024829,0.029316,0.028055,0.027924,0.025823,0.024175,0.027036,0.019692,0.033162,0.022733
-0.0071498,-0.011766,-0.0087665,-0.0040796,-0.0074241,-0.0059525,-0.0049233,-0.009589,-0.011308,-0.00089579
0.020098,0.023578,0.02261,0.022065,0.020703,0.019132,0.021912,0.014028,0.025399,0.018333
-0.042193,-0.047358,-0.043841,-0.049507,-0.043102,-0.043983,-0.044039,-0.041666,-0.050578,-0.040743
-0.017078,-0.021031,-0.016488,-0.019432,-0.018343,-0.020647,-0.017306,-0.0218,-0.024157,-0.01417
-0.012765,-0.018999,-0.015038,-0.01455,-0.01448,-0.014993,-0.014943,-0.01536,-0.015402,-0.011398
-0.010493,-0.017882,-0.013694,-0.013386,-0.01462,-0.011732,-0.011924,-0.009536,-0.014842,-0.010395
-0.01244,-0.012098,-0.012971,-0.014061,-0.011634,-0.012331,-0.0083781,-0.016734,-0.017406,-0.010836
-0.0075029,-0.012686,-0.0087271,-0.0088538,-0.0098446,-0.0087673,-0.0088214,-0.0070363,-0.0082751,-0.0069739
0.0075795,0.0074636,0.0069513,0.0068208,0.0085057,0.0074039,0.005521,0.0039898,0.008251,0.0047792
-0.015084,-0.017282,-0.01422,-0.015375,-0.015292,-0.012442,-0.014223,-0.013597,-0.017398,-0.013018
0.0027712,0.0022281,0.0028374,0.0029251,0.0027969,0.0047946,0.0035919,0.001824,0.0022081,0.0037532
-0.0086557,-0.0092194,-0.010361,-0.011368,-0.010968,-0.0083599,-0.0080849,-0.005451,-0.012002,-0.0093063
0.0055038,0.0067704,0.0064526,0.007447,0.0066418,0.0076078,0.0073131,0.0062371,0.0084554,0.0054473
0.038039,0.042113,0.039422,0.044681,0.038529,0.03963,0.039558,0.03767,0.045567,0.036992
0.018652,0.023596,0.018381,0.021044,0.020378,0.022323,0.019189,0.022694,0.024961,0.015553
0.016122,0.023129,0.018512,0.018553,0.018214,0.018615,0.018573,0.019179,0.019381,0.014587
0.012942,0.013112,0.013717,0.014358,0.012484,0.012513,0.008773,0.015892,0.017054,0.011349
0.012908,0.021292,0.01686,0.016616,0.017301,0.014753,0.015023,0.012659,0.017473,0.012795
-0.010056,-0.015936,-0.011368,-0.011836,-0.012674,-0.011782,-0.011769,-0.010262,-0.010815,-0.0093952
-0.0052689,-0.0046041,-0.0044569,-0.0040916,-0.0060057,-0.0051346,-0.0028425,-0.001741,-0.0052456,-0.0023643
0.015465,0.017866,0.014768,0.015469,0.015616,0.012545,0.014772,0.013472,0.017821,0.013349
0.0084041,0.0083222,0.0098766,0.010529,0.010452,0.0078118,0.0073982,0.0046585,0.011083,0.0088561
0.00053575,0.0019493,0.00067997,0.0009148,0.00074364,-0.0018283,0.00030779,0.0014074,0.0024429,-0.0005859
0.0037894,0.0045071,0.0045641,0.0055847,0.0048865,0.0061033,0.0051783,0.0047706,0.0061871,0.0037043
0.034936,0.038205,0.036123,0.041077,0.035119,0.036379,0.036213,0.034685,0.041825,0.034185
0.019785,0.025457,0.019769,0.022204,0.02185,0.023514,0.020552,0.023292,0.025503,0.01656
0.018268,0.025724,0.020651,0.021047,0.02057,0.020928,0.020868,0.02155,0.021711,0.016604
0.013336,0.013991,0.014342,0.014641,0.013132,0.012734,0.0092981,0.015447,0.01683,0.011779
0.014002,0.022788,0.018234,0.018067,0.018511,0.016211,0.016343,0.014035,0.018449,0.013892
-0.012138,-0.018522,-0.013585,-0.014219,-0.014928,-0.014176,-0.01404,-0.012547,-0.012811,-0.011338
-0.003596,-0.0025324,-0.0026499,-0.0021278,-0.0041945,-0.0035028,-0.00091768,-0.00014658,-0.0030841,-0.00062433
0.015723,0.018273,0.015153,0.015526,0.015836,0.01261,0.015157,0.013371,0.018111,0.013577
0.0080279,0.0074279,0.009254,0.009614,0.0097713,0.0071826,0.0066697,0.0040376,0.010066,0.0083023
0.0018372,0.0037928,0.002119,0.0025458,0.002202,-0.00066458,0.002024,0.0025107,0.0044067,0.00081608
0.0027218,0.0030568,0.0033712,0.0044333,0.0037914,0.0051772,0.0038061,0.0039386,0.0047721,0.0025982
-0.005241,-0.0048084,-0.0062563,-0.0067031,-0.0053106,-0.0039747,-0.0059336,-0.0046247,-0.0086779,-0.0050051
-0.00362,-0.0041481,-0.0053651,-0.0025893,-0.0036191,-0.0033972,-0.0042429,-0.0063841,-0.0038363,-0.0015129
0.0017568,0.0052538,0.0027405,0.0049862,0.0041539,0.0040066,0.0033241,0.0023835,0.0050086,0.0047915
0.0093314,0.011608,0.011581,0.011418,0.010013,0.0095934,0.0098203,0.0090896,0.011145,0.007671
0.0065104,0.0076318,0.0048371,0.0081904,0.0054064,0.0069104,0.0056721,0.0046,0.0064238,0.0038599
-0.013901,-0.016282,-0.017352,-0.015316,-0.015407,-0.014221,-0.016606,-0.010736,-0.017195,-0.011926
-0.012282,-0.013872,-0.015232,-0.012664,-0.013616,-0.012766,-0.0147,-0.0092423,-0.015301,-0.010689
-0.0002729,-0.0028378,-0.0018417,-0.0027393,-0.0014703,-0.0010671,-0.0012806,-0.0038693,-0.0030236,-0.0011472
0.008603,0.0092408,0.010299,0.0083935,0.0092405,0.010076,0.010099,0.0069096,0.010242,0.00748
0.0058851,0.0090249,0.0072093,0.0081845,0.0075149,0.0068509,0.0067909,0.0080254,0.0080343,0.0050474
-0.0033927,-0.0060126,-0.0044471,-0.00497,-0.004839,-0.0047363,-0.0039154,-0.0052802,-0.0048746,-0.002971
0.0012061,0.0034002,0.0020603,0.0022343,0.0024764,0.0029608,0.0014042,0.0028918,0.0021422,0.0012151
0.0045133,0.007592,0.0065627,0.008161,0.0051874,0.0064914,0.0060587,0.0060648,0.0063944,0.0053955
0.0096247,0.0099107,0.010274,0.01072,0.0093299,0.010385,0.010368,0.0068044,0.010121,0.0084335
-0.005241,-0.0048084,-0.0062563,-0.0067031,-0.0053106,-0.0039747,-0.0059336,-0.0046247,-0.0086779,-0.0050051
-0.00362,-0.0041481,-0.0053651,-0.0025893,-0.0036191,-0.0033972,-0.0042429,-0.0063841,-0.0038363,-0.0015129
0.0017568,0.0052538,0.0027405,0.0049862,0.0041539,0.0040066,0.0033241,0.0023835,0.0050086,0.0047915
0.0093314,0.011608,0.011581,0.011418,0.010013,0.0095934,0.0098203,0.0090896,0.011145,0.007671
0.0065104,0.0076318,0.0048371,0.0081904,0.0054064,0.0069104,0.0056721,0.0046,0.0064238,0.0038599
-0.013901,-0.016282,-0.017352,-0.015316,-0.015407,-0.014221,-0.016606,-0.010736,-0.017195,-0.011926
-0.012282,-0.013872,-0.015232,-0.012664,-0.013616,-0.012766,-0.0147,-0.0092423,-0.015301,-0.010689
-0.0002729,-0.0028378,-0.0018417,-0.0027393,-0.0014703,-0.0010671,-0.0012806,-0.0038693,-0.0030236,-0.0011472
0.008603,0.0092408,0.010299,0.0083935,0.0092405,0.010076,0.010099,0.0069096,0.010242,0.00748
0.0058851,0.0090249,0.0072093,0.0081845,0.0075149,0.0068509,0.0067909,0.0080254,0.0080343,0.0050474
-0.0033927,-0.0060126,-0.0044471,-0.00497,-0.004839,-0.0047363,-0.0039154,-0.0052802,-0.0048746,-0.002971
0.0012061,0.0034002,0.0020603,0.0022343,0.0024764,0.0029608,0.0014042,0.0028918,0.0021422,0.0012151
0.0045133,0.007592,0.0065627,0.008161,0.0051874,0.0064914,0.0060587,0.0060648,0.0063944,0.0053955
0.0096247,0.0099107,0.010274,0.01072,0.0093299,0.010385,0.010368,0.0068044,0.010121,0.0084335
-0.005241,-0.0048084,-0.0062563,-0.0067031,-0.0053106,-0.0039747,-0.0059336,-0.0046247,-0.0086779,-0.0050051
-0.00362,-0.0041481,-0.0053651,-0.0025893,-0.0036191,-0.0033972,-0.0042429,-0.0063841,-0.0038363,-0.0015129
0.0017568,0.0052538,0.0027405,0.0049862,0.0041539,0.0040066,0.0033241,0.0023835,0.0050086,0.0047915
0.0093314,0.011608,0.011581,0.011418,0.010013,0.0095934,0.0098203,0.0090896,0.011145,0.007671
0.0065104,0.0076318,0.0048371,0.0081904,0.0054064,0.0069104,0.0056721,0.0046,0.0064238,0.0038599
-0.013901,-0.016282,-0.017352,-0.015316,-0.015407,-0.014221,-0.016606,-0.010736,-0.017195,-0.011926
-0.012282,-0.013872,-0.015232,-0.012664,-0.013616,-0.012766,-0.0147,-0.0092423,-0.015301,-0.010689
-0.0002729,-0.0028378,-0.0018417,-0.0027393,-0.0014703,-0.0010671,-0.0012806,-0.0038693,-0.0030236,-0.0011472
0.008603,0.0092408,0.010299,0.0083935,0.0092405,0.010076,0.010099,0.0069096,0.010242,0.00748
0.0058851,0.0090249,0.0072093,0.0081845,0.0075149,0.0068509,0.0067909,0.0080254,0.0080343,0.0050474
-0.0033927,-0.0060126,-0.0044471,-0.00497,-0.004839,-0.0047363,-0.0039154,-0.0052802,-0.0048746,-0.002971
0.0012061,0.0034002,0.0020603,0.0022343,0.0024764,0.0029608,0.0014042,0.0028918,0.0021422,0.0012151
0.0045133,0.007592,0.0065627,0.008161,0.0051874,0.0064914,0.0060587,0.0060648,0.0063944,0.0053955
0.0096247,0.0099107,0.010274,0.01072,0.0093299,0.010385,0.010368,0.0068044,0.010121,0.0084335
-0.005241,-0.0048084,-0.0062563,-0.0067031,-0.0053106,-0.0039747,-0.0059336,-0.0046247,-0.0086779,-0.0050051
-0.00362,-0.0041481,-0.0053651,-0.0025893,-0.0036191,-0.0033972,-0.0042429,-0.0063841,-0.0038363,-0.0015129
0.0017568,0.0052538,0.0027405,0.0049862,0.0041539,0.0040066,0.0033241,0.0023835,0.0050086,0.0047915
0.0093314,0.011608,0.011581,0.011418,0.010013,0.0095934,0.0098203,0.0090896,0.011145,0.007671
0.0065104,0.0076318,0.0048371,0.0081904,0.0054064,0.0069104,0.0056721,0.0046,0.0064238,0.0038599
-0.013901,-0.016282,-0.017352,-0.015316,-0.015407,-0.014221,-0.016606,-0.010736,-0.017195,-0.011926
-0.012282,-0.013872,-0.015232,-0.012664,-0.013616,-0.012766,-0.0147,-0.0092423,-0.015301,-0.010689
-0.0002729,-0.0028378,-0.0018417,-0.0027393,-0.0014703,-0.0010671,-0.0012806,-0.0038693,-0.0030236,-0.0011472
0.008603,0.0092408,0.010299,0.0083935,0.0092405,0.010076,0.010099,0.0069096,0.010242,0.00748
0.0058851,0.0090249,0.0072093,0.0081845,0.0075149,0.0068509,0.0067909,0.0080254,0.0080343,0.0050474
-0.0033927,-0.0060126,-0.0044471,-0.00497,-0.004839,-0.0047363,-0.0039154,-0.0052802,-0.0048746,-0.002971
0.0012061,0.0034002,0.0020603,0.0022343,0.0024764,0.0029608,0.0014042,0.0028918,0.0021422,0.0012151
0.0045133,0.007592,0.0065627,0.008161,0.0051874,0.0064914,0.0060587,0.0060648,0.0063944,0.0053955
0.0096247,0.0099107,0.010274,0.01072,0.0093299,0.010385,0.010368,0.0068044,0.010121,0.0084335
0.0052401,0.004807,0.0062557,0.0067032,0.0053093,0.0039725,0.0059332,0.0046229,0.008678,0.0050052
-0.014303,-0.022078,-0.019789,-0.018921,-0.021391,-0.014608,-0.01666,-0.013434,-0.021778,-0.013621
0.0013611,-0.0058928,0.0015587,0.0035946,-0.002125,0.0025454,0.0026007,0.0016183,0.0041815,0.0057013
0.0093314,0.011608,0.011581,0.011418,0.010013,0.0095934,0.0098203,0.0090896,0.011145,0.007671
0.0065104,0.0076318,0.0048371,0.0081904,0.0054064,0.0069104,0.0056721,0.0046,0.0064238,0.0038599
-0.013901,-0.016282,-0.017352,-0.015316,-0.015407,-0.014221,-0.016606,-0.010736,-0.017195,-0.011926
-0.012282,-0.013872,-0.015232,-0.012664,-0.013616,-0.012766,-0.0147,-0.0092423,-0.015301,-0.010689
0.0002729,0.0028378,0.0018417,0.0027393,0.0014703,0.0010671,0.0012806,0.0038693,0.0030236,0.0011472
-0.008603,-0.0092408,-0.010299,-0.0083935,-0.0092405,-0.010076,-0.010099,-0.0069096,-0.010242,-0.00748
0.0058851,0.0090249,0.0072093,0.0081845,0.0075149,0.0068509,0.0067909,0.0080254,0.0080343,0.0050474
0.0033927,0.0060126,0.0044471,0.00497,0.004839,0.0047363,0.0039154,0.0052802,0.0048746,0.002971
0.0012061,0.0034002,0.0020603,0.0022343,0.0024764,0.0029608,0.0014042,0.0028918,0.0021422,0.0012151
-0.0058688,-0.0021751,-0.0028124,-0.0018637,-0.0045608,-0.00092791,-0.0042424,-0.0013455,-0.0032134,-0.00023206
-0.0096247,-0.0099107,-0.010274,-0.01072,-0.0093299,-0.010385,-0.010368,-0.0068044,-0.010121,-0.0084335
0.0045591,0.004532,0.0015487,0.0033223,0.00232,-0.00089566,0.0018997,0.0011551,0.0082806,0.0037606
0.012765,0.018356,0.0166,0.01413,0.015995,0.014026,0.015101,0.015204,0.016962,0.014952
0.0019207,0.0016093,0.0026205,0.0033012,0.0030685,0.0046141,0.0022997,0.0065545,0.0037224,0.0025979
-0.01219,-0.013878,-0.010177,-0.012543,-0.011824,-0.0071945,-0.010924,-0.0099028,-0.020384,-0.011358
-0.015536,-0.020666,-0.015562,-0.017262,-0.015587,-0.0095774,-0.01306,-0.012585,-0.019069,-0.010774
0.0051951,0.0070255,0.0048726,0.0086405,0.0056637,0.0063826,0.0059108,0.010829,0.0077601,0.0055914
-0.0095812,-0.010639,-0.0082275,-0.0089631,-0.0092687,-0.0049203,-0.0082199,-0.0057185,-0.016364,-0.0086383
0.00252,0.00097887,0.00024125,0.0031829,0.0010164,-0.0010633,0.00094723,-0.00073128,0.0056494,0.0035074
0.0074897,0.0078314,0.0057832,0.0070564,0.0068166,0.0031881,0.0060425,0.0042033,0.013322,0.0070489
-0.0033787,-0.0014823,-0.0019021,-0.0068037,-0.0038222,-0.0019126,-0.0039365,-0.001353,-0.0071924,-0.0067456
0.0031486,0.0015483,0.0016298,0.0064684,0.0036181,0.0015083,0.0034448,0.00063299,0.0064582,0.0060953
-0.002904,-0.0015138,-0.0013488,-0.0060598,-0.0032272,-0.0010154,-0.0028998,-1.8843e-05,-0.0058198,-0.005439
-0.0015004,0.0016632,-9.1229e-05,-0.0027412,0.0025106,0.0020282,-0.00054028,-0.0020781,-0.0062217,-0.0036178
0.0045081,0.0042697,0.0020471,0.0045592,0.0042192,0.00061614,0.0028173,2.3525e-05,0.0079275,0.0045035
-0.011048,-0.013302,-0.011951,-0.010706,-0.010793,-0.0094303,-0.013358,-0.0077676,-0.014184,-0.010046
0.019621,0.023983,0.023805,0.022321,0.02235,0.019759,0.023151,0.019241,0.027387,0.019991
-0.010568,-0.011068,-0.010069,-0.0084207,-0.013203,-0.008362,-0.0083119,-0.0076754,-0.013972,-0.0064502
0.0048849,0.0058245,0.0050584,0.0030206,0.0031947,0.0030712,0.0065939,0.0023232,0.0046109,0.0043001
-0.018577,-0.024523,-0.019642,-0.020741,-0.018856,-0.016227,-0.016611,-0.019969,-0.024378,-0.012121
0.018278,0.021715,0.020885,0.019581,0.021329,0.015887,0.016135,0.018434,0.026061,0.014939
0.0091864,0.010885,0.01002,0.007835,0.0085224,0.0068909,0.010083,0.0068962,0.011023,0.0078093
-0.013347,-0.01694,-0.014572,-0.010576,-0.014093,-0.010359,-0.013765,-0.011222,-0.017199,-0.010507
-0.010558,-0.012759,-0.011514,-0.0089433,-0.010143,-0.0079074,-0.011404,-0.0078397,-0.012995,-0.0087598
0.0063932,0.0091946,0.0073344,0.0013763,0.0069815,0.0038285,0.0046121,0.0067223,0.0071223,0.002661
-0.0063482,-0.0088386,-0.0072432,-0.001353,-0.0068574,-0.0038387,-0.0047889,-0.0068941,-0.007305,-0.0030114
0.0067352,0.0090897,0.0075919,0.0018563,0.0072761,0.0042804,0.0054598,0.0073276,0.0080363,0.0037353
0.01536,0.021467,0.016461,0.013395,0.018457,0.013348,0.015703,0.011572,0.01917,0.01149
-0.011242,-0.01332,-0.012468,-0.0086758,-0.010708,-0.0081545,-0.011838,-0.009473,-0.014477,-0.0092596
0.0082888,0.0075415,0.010067,0.0067026,0.0098701,0.007362,0.010992,0.011639,0.0084004,0.0058569
-0.010502,-0.013026,-0.012548,-0.013585,-0.0086129,-0.0080335,-0.005469,-0.006761,-0.014817,-0.0077354
-0.0047721,-0.0087472,-0.0061383,-0.0023107,-0.0077507,-0.0052048,-0.0030725,-0.0042,-0.0047271,-0.0035142
-0.021267,-0.028434,-0.027644,-0.024411,-0.024613,-0.023803,-0.023536,-0.019365,-0.026788,-0.019952
-0.020117,-0.025313,-0.022295,-0.023554,-0.021359,-0.01782,-0.019144,-0.017644,-0.027106,-0.016133
-0.00088042,-0.0011322,0.0002543,0.00012873,-0.0021271,-0.0018646,-0.0035003,-0.0023689,-0.0004177,-0.0018569
-0.013643,-0.01826,-0.016322,-0.014618,-0.016142,-0.015765,-0.017311,-0.01401,-0.016286,-0.0133
0.003988,0.0038153,0.0065196,0.0036356,0.0054919,0.0047355,0.0046421,0.0055164,0.0022001,0.0020928
0.0093982,0.0098696,0.012178,0.0081122,0.01227,0.0089889,0.011073,0.011378,0.010393,0.0064949
-0.006561,-0.0065755,-0.0054854,-0.007581,-0.007918,-0.0051065,-0.0054521,-0.0056289,-0.0088681,-0.0063937
-0.0038332,-0.0036217,-0.002297,-0.0033031,-0.0013354,-0.001151,-0.0043301,-0.004512,-0.0084119,-0.0041429
-0.010208,-0.012273,-0.010675,-0.011759,-0.012178,-0.0098947,-0.0088044,-0.0095821,-0.013013,-0.0091737
-0.0045685,-0.003927,-0.0060777,-0.0045941,-0.0050114,-0.0052658,-0.0045545,-0.0064918,-0.003723,-0.0043146
0.0039414,0.0033695,0.0053103,0.0024174,0.0059825,0.0038951,0.004705,0.004208,0.00097668,0.0011939
0.018688,0.025346,0.024284,0.021115,0.021121,0.021649,0.019326,0.016547,0.022303,0.016812
0.014037,0.012755,0.016247,0.013882,0.012404,0.0094337,0.011892,0.006933,0.013176,0.0098599
0.010131,0.013494,0.010704,0.010888,0.015661,0.01321,0.0076924,0.011221,0.019358,0.0091283
-0.014156,-0.015824,-0.017203,-0.014265,-0.017837,-0.015592,-0.01741,-0.018948,-0.016216,-0.010934
-0.0046225,-0.0093887,-0.0023939,-0.004768,-0.006453,-0.00098667,-0.0036284,-0.0049515,-0.0018666,-0.0003949
0.027188,0.034634,0.032385,0.03927,0.032262,0.039647,0.03351,0.041233,0.036245,0.027479
-0.010355,-0.011065,-0.013041,-0.0086949,-0.013634,-0.009593,-0.012064,-0.011865,-0.011859,-0.0070478
0.008487,0.011041,0.010348,0.0088563,0.011329,0.0098186,0.0084726,0.0094627,0.0084599,0.0074421
0.012988,0.017394,0.015791,0.014205,0.015906,0.015823,0.016403,0.01411,0.015438,0.012739
0.0014941,0.00068336,-0.00085779,0.00051476,-0.0014482,-0.0017399,0.0017537,0.0014163,0.0048523,0.0014624
0.0088155,0.010029,0.008584,0.010141,0.010552,0.0080126,0.0075534,0.0080795,0.01152,0.008178
0.0043328,0.0044204,0.0031671,0.0041544,0.0021356,0.002054,0.0049051,0.0052686,0.0093991,0.0049892
0.00072979,0.0028497,-0.0024592,0.00060405,0.0017225,0.00089339,-0.00044345,-0.0039439,0.00072946,0.00070666
0.014849,0.020655,0.017504,0.015874,0.019275,0.017248,0.016083,0.015371,0.017996,0.013189
0.0048727,0.0052029,0.0063411,0.005794,0.0056806,0.0055717,0.0077163,0.0040041,0.006813,0.0045158
0.0017739,0.0061433,0.002079,0.00090457,0.0041425,0.0048443,0.0045483,0.0048098,0.0063123,0.0044479
0.005668,0.0054245,0.0044467,0.0023662,0.0021048,0.0011004,0.0052086,-0.0010467,0.0074755,0.003062
-0.0022013,-0.0031793,-0.001464,-0.0031456,-0.0029821,-0.0013492,-0.00030922,-0.0023356,-0.0047992,-0.0024824
-0.020346,-0.026215,-0.022239,-0.023351,-0.021147,-0.017609,-0.018793,-0.019538,-0.027409,-0.01496
0.0056782,0.0067024,0.007097,0.0072575,0.0057015,0.0040827,0.0038554,0.00523,0.0082125,0.0041798
-0.00020563,-0.00064513,0.0013082,0.00039865,-9.9612e-05,0.00068517,0.00089014,0.00041308,-0.00074874,-0.00018023
0.0058797,0.0081115,0.0080305,0.0053098,0.007487,0.0061335,0.0070364,0.006287,0.0082523,0.0044235
0.0019567,0.0022517,0.0037038,0.0022791,0.0023235,0.0023241,0.0030769,0.0019126,0.0022969,0.0014414
0.00054703,0.0023977,0.002156,-0.0022271,0.00094877,0.0010138,0.00015933,0.0023458,-0.00065514,-0.0017658
-0.00033633,0.00087639,0.00097821,-0.0031355,-4.1365e-05,7.5974e-05,-0.00049574,0.0016343,-0.0014725,-0.0021537
-0.00076189,3.8004e-05,0.00032527,-0.0034978,-0.00040634,-0.00034685,-0.00068171,0.0012975,-0.0016881,-0.0021614
0.0063863,0.0099119,0.0091989,0.0069028,0.0098251,0.008422,0.0078328,0.0058582,0.0096592,0.0060673
0.0020174,0.0018742,0.0039478,0.0015871,0.0018997,0.0020182,0.0032389,0.0030016,0.0031316,0.0015951
-0.0046884,-0.0079651,-0.0047887,-0.0041107,-0.0059742,-0.0048443,-0.0044212,-0.0010351,-0.0031171,-0.0026086
0.0045996,0.0070039,0.0050252,0.0042326,0.0043978,0.0055113,0.0045872,0.0042258,0.0053287,0.0045539
0.0071539,0.0072981,0.0068477,0.0061329,0.0067527,0.0037337,0.0064225,0.005695,0.0075582,0.0052299
-0.0011652,-0.00081053,-0.00078894,-0.0012859,-0.001269,-0.00045722,-0.0013063,-0.0024174,-0.0028729,-0.0020911
0.0042138,0.0057283,0.0016583,0.0046091,0.0049733,0.0042088,0.0030256,0.0041949,0.0045617,0.0027971
-0.0031832,-0.0045778,-0.0032716,-0.00068886,-0.0036658,-0.0023877,-0.0011702,-0.0042185,-0.0054481,-0.0018227
0.0033776,0.0066204,0.0026306,-0.00055133,0.0069497,-0.00054917,0.0050803,0.0043932,0.008508,0.0006453
0.018463,0.023897,0.020151,0.021146,0.020016,0.019887,0.020258,0.018081,0.023769,0.017918
0.00098127,0.00068129,0.0013567,0.00038651,0.0010397,-0.00039079,-0.00064534,0.0021004,0.0027651,0.0012216
0.004111,0.0044055,0.0045929,0.0029673,0.0047313,0.0023894,0.0037934,0.0033967,0.0071649,0.0020983
-0.0045384,-0.0048938,-0.0048615,-0.0043816,-0.0050867,-0.0028904,-0.0040518,-0.0045092,-0.0080505,-0.0031621
0.0048034,0.0052161,0.0049673,0.0056548,0.0052875,0.0032563,0.004149,0.0054844,0.0087546,0.004108
-0.0091687,-0.0079879,-0.008018,-0.00892,-0.0079852,-0.0075205,-0.0072336,-0.0070289,-0.0074182,-0.0076491
-0.0031045,-0.00038948,-0.0014556,-0.0020261,-0.001215,-0.0013196,-0.0012762,-0.001385,0.00029355,-0.0017344
-0.0046884,-0.0079651,-0.0047887,-0.0041107,-0.0059742,-0.0048443,-0.0044212,-0.0010351,-0.0031171,-0.0026086
0.0045996,0.0070039,0.0050252,0.0042326,0.0043978,0.0055113,0.0045872,0.0042258,0.0053287,0.0045539
0.0071539,0.0072981,0.0068477,0.0061329,0.0067527,0.0037337,0.0064225,0.005695,0.0075582,0.0052299
-0.0011652,-0.00081053,-0.00078894,-0.0012859,-0.001269,-0.00045722,-0.0013063,-0.0024174,-0.0028729,-0.0020911
0.0042138,0.0057283,0.0016583,0.0046091,0.0049733,0.0042088,0.0030256,0.0041949,0.0045617,0.0027971
-0.0031832,-0.0045778,-0.0032716,-0.00068886,-0.0036658,-0.0023877,-0.0011702,-0.0042185,-0.0054481,-0.0018227
0.0033776,0.0066204,0.0026306,-0.00055133,0.0069497,-0.00054917,0.0050803,0.0043932,0.008508,0.0006453
0.018463,0.023897,0.020151,0.021146,0.020016,0.019887,0.020258,0.018081,0.023769,0.017918
0.00098127,0.00068129,0.0013567,0.00038651,0.0010397,-0.00039079,-0.00064534,0.0021004,0.0027651,0.0012216
0.004111,0.0044055,0.0045929,0.0029673,0.0047313,0.0023894,0.0037934,0.0033967,0.0071649,0.0020983
-0.0045384,-0.0048938,-0.0048615,-0.0043816,-0.0050867,-0.0028904,-0.0040518,-0.0045092,-0.0080505,-0.0031621
0.0048034,0.0052161,0.0049673,0.0056548,0.0052875,0.0032563,0.004149,0.0054844,0.0087546,0.004108
-0.0091687,-0.0079879,-0.008018,-0.00892,-0.0079852,-0.0075205,-0.0072336,-0.0070289,-0.0074182,-0.0076491
-0.0031045,-0.00038948,-0.0014556,-0.0020261,-0.001215,-0.0013196,-0.0012762,-0.001385,0.00029355,-0.0017344
-0.0046884,-0.0079651,-0.0047887,-0.0041107,-0.0059742,-0.0048443,-0.0044212,-0.0010351,-0.0031171,-0.0026086
0.0045996,0.0070039,0.0050252,0.0042326,0.0043978,0.0055113,0.0045872,0.0042258,0.0053287,0.0045539
0.0071539,0.0072981,0.0068477,0.0061329,0.0067527,0.0037337,0.0064225,0.005695,0.0075582,0.0052299
-0.0011652,-0.00081053,-0.00078894,-0.0012859,-0.001269,-0.00045722,-0.0013063,-0.0024174,-0.0028729,-0.0020911
0.0042138,0.0057283,0.0016583,0.0046091,0.0049733,0.0042088,0.0030256,0.0041949,0.0045617,0.0027971
-0.0031832,-0.0045778,-0.0032716,-0.00068886,-0.0036658,-0.0023877,-0.0011702,-0.0042185,-0.0054481,-0.0018227
0.0033776,0.0066204,0.0026306,-0.00055133,0.0069497,-0.00054917,0.0050803,0.0043932,0.008508,0.0006453
0.018463,0.023897,0.020151,0.021146,0.020016,0.019887,0.020258,0.018081,0.023769,0.017918
0.00098127,0.00068129,0.0013567,0.00038651,0.0010397,-0.00039079,-0.00064534,0.0021004,0.0027651,0.0012216
0.004111,0.0044055,0.0045929,0.0029673,0.0047313,0.0023894,0.0037934,0.0033967,0.0071649,0.0020983
-0.0045384,-0.0048938,-0.0048615,-0.0043816,-0.0050867,-0.0028904,-0.0040518,-0.0045092,-0.0080505,-0.0031621
0.0048034,0.0052161,0.0049673,0.0056548,0.0052875,0.0032563,0.004149,0.0054844,0.0087546,0.004108
-0.0091687,-0.0079879,-0.008018,-0.00892,-0.0079852,-0.0075205,-0.0072336,-0.0070289,-0.0074182,-0.0076491
-0.0031045,-0.00038948,-0.0014556,-0.0020261,-0.001215,-0.0013196,-0.0012762,-0.001385,0.00029355,-0.0017344
-0.0046884,-0.0079651,-0.0047887,-0.0041107,-0.0059742,-0.0048443,-0.0044212,-0.0010351,-0.0031171,-0.0026086
0.0045996,0.0070039,0.0050252,0.0042326,0.0043978,0.0055113,0.0045872,0.0042258,0.0053287,0.0045539
0.0071539,0.0072981,0.0068477,0.0061329,0.0067527,0.0037337,0.0064225,0.005695,0.0075582,0.0052299
-0.0011652,-0.00081053,-0.00078894,-0.0012859,-0.001269,-0.00045722,-0.0013063,-0.0024174,-0.0028729,-0.0020911
0.0042138,0.0057283,0.0016583,0.0046091,0.0049733,0.0042088,0.0030256,0.0041949,0.0045617,0.0027971
-0.0031832,-0.0045778,-0.0032716,-0.00068886,-0.0036658,-0.0023877,-0.0011702,-0.0042185,-0.0054481,-0.0018227
0.0033776,0.0066204,0.0026306,-0.00055133,0.0069497,-0.00054917,0.0050803,0.0043932,0.008508,0.0006453
0.018463,0.023897,0.020151,0.021146,0.020016,0.019887,0.020258,0.018081,0.023769,0.017918
0.00098127,0.00068129,0.0013567,0.00038651,0.0010397,-0.00039079,-0.00064534,0.0021004,0.0027651,0.0012216
0.004111,0.0044055,0.0045929,0.0029673,0.0047313,0.0023894,0.0037934,0.0033967,0.0071649,0.0020983
-0.0045384,-0.0048938,-0.0048615,-0.0043816,-0.0050867,-0.0028904,-0.0040518,-0.0045092,-0.0080505,-0.0031621
0.0048034,0.0052161,0.0049673,0.0056548,0.0052875,0.0032563,0.004149,0.0054844,0.0087546,0.004108
-0.0091687,-0.0079879,-0.008018,-0.00892,-0.0079852,-0.0075205,-0.0072336,-0.0070289,-0.0074182,-0.0076491
-0.0031045,-0.00038948,-0.0014556,-0.0020261,-0.001215,-0.0013196,-0.0012762,-0.001385,0.00029355,-0.0017344
0.0049032,0.0082683,0.0050829,0.0044126,0.0062365,0.00507,0.004682,0.0012728,0.0034814,0.0028142
0.0072846,0.010616,0.010765,0.012612,0.01087,0.013036,0.011478,0.0061155,0.011668,0.010073
-0.0023495,-0.0023535,-0.0023818,0.0011673,-0.0035857,-0.0030398,-0.0028801,-0.0044757,-0.00026704,-0.0033494
-0.0011652,-0.00081053,-0.00078894,-0.0012859,-0.001269,-0.00045722,-0.0013063,-0.0024174,-0.0028729,-0.0020911
0.0042138,0.0057283,0.0016583,0.0046091,0.0049733,0.0042088,0.0030256,0.0041949,0.0045617,0.0027971
-0.0031832,-0.0045778,-0.0032716,-0.00068886,-0.0036658,-0.0023877,-0.0011702,-0.0042185,-0.0054481,-0.0018227
0.0033776,0.0066204,0.0026306,-0.00055133,0.0069497,-0.00054917,0.0050803,0.0043932,0.008508,0.0006453
0.020102,0.02704,0.02305,0.023561,0.02191,0.022143,0.022647,0.020397,0.026767,0.019763
-0.00098127,-0.00068129,-0.0013567,-0.00038651,-0.0010397,0.00039079,0.00064534,-0.0021004,-0.0027651,-0.0012216
0.004111,0.0044055,0.0045929,0.0029673,0.0047313,0.0023894,0.0037934,0.0033967,0.0071649,0.0020983
0.0045384,0.0048938,0.0048615,0.0043816,0.0050867,0.0028904,0.0040518,0.0045092,0.0080505,0.0031621
0.0048034,0.0052161,0.0049673,0.0056548,0.0052875,0.0032563,0.004149,0.0054844,0.0087546,0.004108
-0.010376,-0.011946,-0.0094007,-0.011705,-0.01138,-0.0094302,-0.0078447,-0.00828,-0.011092,-0.0091295
-0.002716,-0.0019874,-0.001158,-0.0024736,-0.0023512,-0.00098742,-0.00074597,-0.00017816,-0.0012509,-0.0016125
0.0097063,0.0077868,0.0099482,0.011469,0.0063726,0.0064861,0.01076,0.014794,0.013734,0.0089003
0.0052042,0.0061154,0.00644,0.0072739,0.0065304,0.0068785,0.0043104,0.001777,0.007569,0.0050166
-0.00041178,0.0081073,0.0047214,0.0042785,0.0037833,0.0056962,0.0034683,0.003635,0.0022335,0.0031065
0.0046494,0.0075784,0.0065348,0.0036519,0.0020932,0.0050378,0.0039805,0.0028692,0.007565,0.00021264
0.020777,0.027576,0.026802,0.023603,0.024117,0.025707,0.021681,0.021953,0.030476,0.01928
0.014656,0.018845,0.020754,0.021208,0.015954,0.019093,0.018669,0.019324,0.018834,0.018263
-0.0014558,-0.0039989,0.0048307,-0.0015215,-0.00027612,0.0027496,-0.0033164,-0.0011451,-0.0042411,-0.00069735
0.0082126,0.013713,0.010193,0.0098487,0.0085047,0.011519,0.010917,0.0081502,0.012624,0.0059043
-0.011668,-0.017317,-0.017062,-0.015232,-0.012971,-0.015429,-0.014173,-0.013805,-0.017805,-0.012239
-0.00012234,0.0027194,0.0017611,0.00078764,-0.0011954,0.0019439,0.0015221,-0.0018327,-0.00099097,-0.001514
0.00018148,-0.0024889,-0.0018078,-0.00085626,0.00088121,-0.0018515,-0.001163,0.001347,0.00071032,0.0015639
-0.00035564,0.0020924,0.0017133,0.00079015,-0.0006826,0.0016354,0.00064527,-0.00095326,-0.00056414,-0.0017038
-0.0095186,-0.0092374,-0.0081486,-0.0079606,-0.011763,-0.0071234,-0.006711,-0.0084285,-0.011472,-0.0053024
-0.0088793,-0.0083696,-0.0083065,-0.0083489,-0.011228,-0.0068207,-0.0065202,-0.0086394,-0.010822,-0.0063549
0.01469,0.016423,0.015242,0.019237,0.010512,0.015687,0.016987,0.018823,0.01781,0.011767
-0.011693,-0.013411,-0.013709,-0.016886,-0.011787,-0.013075,-0.013276,-0.0175,-0.015663,-0.014747
-0.014438,-0.011407,-0.011502,-0.014251,-0.012978,-0.012733,-0.01414,-0.011726,-0.016067,-0.010894
-0.002639,-0.0048016,-0.0060139,-0.009395,-0.0042406,-0.0080638,-0.0087453,-0.004945,-0.0031556,-0.0083371
0.013772,0.017137,0.015966,0.012213,0.018277,0.012607,0.011061,0.01411,0.021686,0.012969
0.010457,0.013093,0.014385,0.016537,0.012581,0.014416,0.014618,0.015763,0.011951,0.013037
0.018624,0.024179,0.025364,0.02148,0.018976,0.021319,0.020133,0.015774,0.023209,0.017347
-0.0041315,-0.0066969,-0.0078618,-0.010779,-0.003372,-0.0089992,-0.0079184,-0.0060492,-0.0041255,-0.0073211
-0.0059677,-0.0076796,-0.007773,-0.00784,-0.0081752,-0.0066916,-0.0061971,-0.0096127,-0.0086483,-0.0066636
-0.0064347,-0.0092466,-0.0084143,-0.012201,-0.0070964,-0.011472,-0.0090314,-0.0092625,-0.0077523,-0.0086986
0.0063974,0.0092416,0.008246,0.012034,0.0066504,0.011391,0.0093254,0.0087879,0.007421,0.0085756
-0.0064143,-0.0092877,-0.0081248,-0.011904,-0.0062507,-0.01133,-0.0096811,-0.0083492,-0.0071405,-0.0084709
-0.017305,-0.020499,-0.018997,-0.019979,-0.019933,-0.019653,-0.016636,-0.016489,-0.020483,-0.014151
-0.018568,-0.02315,-0.021909,-0.023829,-0.021181,-0.022792,-0.019752,-0.019297,-0.022638,-0.017133
0.011062,0.019241,0.017187,0.018837,0.0066364,0.013681,0.018378,0.017555,0.018394,0.012467
-0.003631,-0.002782,-0.0010397,-0.00062634,-0.00073123,0.0047779,-0.0022857,-0.0023607,-0.0045545,0.0012485
-0.00066983,0.0021099,-0.00094811,-0.00083485,0.0024261,-0.00055242,-0.00063785,0.0015063,-7.0177e-05,-0.0017341
-0.011572,-0.013379,-0.013197,-0.014867,-0.01307,-0.011949,-0.013658,-0.012966,-0.016371,-0.013216
0.01029,0.014042,0.013944,0.01499,0.01022,0.011222,0.012813,0.012809,0.014527,0.011904
0.0082987,0.009691,0.011492,0.012865,0.010546,0.010797,0.012579,0.011293,0.010175,0.011571
-0.0057632,-0.0039525,-0.0020721,-0.0081828,-0.0069061,-0.0057707,-0.0055532,-0.0007272,-0.0044765,-0.0051825
-0.010751,-0.011436,-0.011175,-0.0099689,-0.0098503,-0.0079261,-0.0098225,-0.011184,-0.01664,-0.0088973
-0.0082669,-0.0085252,-0.011276,-0.0093924,-0.0074146,-0.0090615,-0.010763,-0.011724,-0.01346,-0.0071698
0.0045125,0.0054666,0.0034927,0.0055203,0.0044851,0.0036492,0.0053107,0.0029394,0.0030049,0.0024135
0.010654,0.017903,0.011977,0.014833,0.014153,0.015308,0.012547,0.012858,0.014729,0.0095396
0.004419,0.0051944,0.0038138,0.0061604,0.0043673,0.0033424,0.0047479,0.0039829,0.0034496,0.0026953
-0.014403,-0.016441,-0.013411,-0.013684,-0.015046,-0.011937,-0.012219,-0.010414,-0.017248,-0.0099989
-0.016678,-0.019971,-0.01696,-0.016525,-0.017652,-0.014473,-0.014984,-0.014076,-0.021664,-0.01224
0.0082024,0.0051742,0.0056614,0.0074084,0.0084119,0.0059392,0.0070414,0.0086671,0.012886,0.0059571
-0.0016152,0.00024255,-0.0022762,-0.0079234,-0.0028106,-0.0070693,-0.0061423,-0.0096,-0.001868,-0.0075645
-0.0034404,0.0024132,0.0033717,0.00092471,-0.002326,0.00085961,0.00033023,0.0015144,-0.00046863,0.0033213
0.011544,0.014782,0.017087,0.014965,0.010509,0.01266,0.015467,0.01527,0.020036,0.010937
-0.0053063,-0.011945,-0.007951,-0.010659,-0.0032847,-0.0078842,-0.010248,-0.0069401,-0.007287,-0.0076897
0.013512,0.019193,0.018183,0.023947,0.011529,0.021032,0.01961,0.022916,0.017215,0.017881
-0.0042865,-0.001873,0.00011262,0.0068134,-0.0018013,0.0038405,-0.012573,-0.011167,-0.0065249,-0.00076324
0.0086268,0.0087731,0.0091584,0.0055468,0.0077367,0.0054788,0.0082433,0.0092552,0.01542,0.0042996
0.0020422,0.0022372,0.00041744,-0.00065803,0.00099363,0.00034737,-0.001075,-0.00090002,0.0026201,-0.0013697
-0.010739,-0.017583,-0.011935,-0.014871,-0.014552,-0.01519,-0.012537,-0.012931,-0.015107,-0.009463
-0.0047629,-0.0057182,-0.0039683,-0.0062065,-0.0047351,-0.0038007,-0.0054002,-0.0037488,-0.003576,-0.0028363
-0.0099673,-0.017349,-0.011398,-0.014201,-0.013083,-0.01474,-0.011912,-0.012215,-0.013689,-0.0090893
0.011679,0.013853,0.016197,0.016412,0.0085805,0.0096982,0.014307,0.010506,0.016241,0.013265
0.0055059,0.0064108,0.0083439,0.0081303,0.0041629,0.0023936,0.0078726,0.0058005,0.0098072,0.0066924
-0.011748,-0.010978,-0.010305,-0.012791,-0.0098707,-0.010594,-0.011718,-0.014246,-0.016088,-0.0084255
-0.0094916,-0.009687,-0.0070478,-0.0029928,-0.0069381,-0.0026764,-0.0059758,-0.0061064,-0.011081,-0.00055558
-0.0033641,-0.0010732,-0.0054076,-0.0068493,-0.0019954,-0.0053957,-0.0048829,-0.0027328,-0.0024226,-0.0055309
-0.0083028,-0.010234,-0.010842,-0.012763,-0.0097457,-0.010293,-0.012193,-0.010011,-0.012067,-0.011526
0.015165,0.019731,0.01899,0.017786,0.017671,0.015606,0.015743,0.017347,0.02206,0.015727
0.010114,0.012384,0.013897,0.01591,0.012343,0.013653,0.014628,0.014413,0.011879,0.01328
0.0095107,0.013699,0.016358,0.010437,0.0098427,0.011835,0.010526,0.0098496,0.013612,0.0085383
-0.0058708,-0.0064661,-0.0072834,-0.0078321,-0.0046911,-0.0060553,-0.0069247,-0.0066641,-0.0093017,-0.0066228
0.0037035,0.0055269,0.0060982,0.0075336,0.0056524,0.006209,0.0065042,0.0076842,0.0047027,0.0065209
0.00029863,6.6005e-05,-0.00063707,-0.0014589,0.0003263,-0.0018651,-0.00039774,-0.0016892,-0.00099455,-0.0019037
0.00032675,4.0112e-05,-0.00044922,-0.0012116,0.00061732,-0.0018617,-0.00069298,-0.0011821,-0.00067007,-0.0017496
0.00013971,-0.00026119,-0.00048974,-0.0011994,0.00067472,-0.0020661,-0.0012244,-0.00085499,-0.0006033,-0.0017607
-0.010281,-0.013168,-0.0088271,-0.0094193,-0.013034,-0.0097695,-0.0083279,-0.0063221,-0.011185,-0.0063051
-0.011259,-0.01509,-0.011137,-0.011792,-0.013807,-0.011563,-0.010681,-0.0092926,-0.013804,-0.0084462
